1 office 115.394049 36.210797
2 station 116.280878 19.922167
3 park 102.132526 27.704397
4 hospital 119.014081 39.659276
5 road 115.308192 38.180156
6 school 122.466585 26.949768
7 government 118.174913 26.667534
8 park 107.081091 27.876395
9 bank 121.152735 40.189805
10 bank 110.836765 20.357736
11 residence 111.041834 24.239409
12 mall 124.494442 32.386562
13 police 117.330053 34.246093
14 square 111.903585 19.654855
15 residence 109.644911 21.650793
16 cafe 117.261137 42.723675
17 residence 123.354935 27.818283
18 factory 117.804496 34.701529
19 bridge 123.52248 29.33295
20 store 121.213251 31.561587
21 store 109.266779 28.841366
22 station 111.398279 35.376465
23 restaurant 120.879126 44.063816
24 library 123.390753 29.334666
25 building 118.649794 34.763029
26 mall 119.024211 36.199917
27 museum 113.566146 19.4381
28 office 109.915543 19.086881
29 park 117.296966 24.427796
30 park 107.673186 36.204048
31 library 127.254898 39.763993
32 building 111.960321 34.676146
33 square 122.071881 38.02666
34 park 119.873939 30.522416
35 library 121.537633 33.819718
36 restaurant 118.572634 42.669713
37 park 110.610218 29.297502
38 restaurant 111.333041 21.348291
39 mountain 108.538603 27.444293
40 park 106.950692 33.277442
41 restaurant 123.076287 29.540497
42 square 117.306332 26.577179
43 cafe 119.424985 37.677678
44 police 117.798631 31.761575
45 school 112.799899 36.025437
46 cinema 106.051762 33.545785
47 gym 116.913034 24.490502
48 police 120.226098 33.675471
49 road 125.155405 28.748947
50 school 88.569485 32.054188
51 school 104.730644 29.5643
52 mall 105.47556 27.697838
53 residence 109.550345 25.340807
54 mountain 121.983652 39.408442
55 museum 92.320146 31.714648
56 store 92.867073 29.329178
57 lake 93.647352 32.719874
58 square 100.977008 34.621194
59 residence 114.232485 28.695864
60 square 114.521197 22.956297
61 park 111.964314 27.404648
62 government 107.598581 33.218959
63 river 108.736624 34.019101
64 hospital 93.295856 28.937704
65 river 116.668321 41.543613
66 park 117.794898 22.011193
67 office 116.664604 23.880203
68 gym 91.557516 27.648601
69 restaurant 123.494371 30.049823
70 residence 114.934726 21.812443
71 bridge 90.350334 32.049753
72 building 110.760364 26.018028
73 museum 117.233877 28.126098
74 square 117.072748 32.050169
75 gym 118.84391 29.306061
76 station 120.691344 30.813923
77 lake 104.974261 33.148953
78 market 115.664333 42.39958
79 cinema 114.209366 35.496148
80 government 106.955176 31.493402
81 school 117.23835 40.543574
82 building 107.972086 25.508412
83 museum 104.63124 31.910273
84 mall 123.961055 35.765919
85 store 121.452607 38.453053
86 government 122.26209 43.874581
87 residence 117.220539 39.316107
88 airport 111.308684 21.163439
89 airport 103.956575 30.540102
90 square 101.501687 35.063227
91 bridge 114.844541 41.938948
92 building 94.13366 25.800018
93 square 106.125134 30.686236
94 library 122.058597 37.251885
95 government 86.517399 33.1568
96 park 105.370336 29.015512
97 hospital 110.61135 31.100527
98 mall 122.116499 31.890482
99 residence 117.36213 32.816741
100 river 114.419397 20.366825
101 bank 116.504779 26.197733
102 school 103.92231 28.396441
103 cafe 121.953563 35.344057
104 school 119.026996 45.227596
105 store 106.951069 26.701344
106 station 120.232054 42.244688
107 park 107.907624 25.952893
108 office 113.764837 42.618107
109 mall 111.807657 18.195575
110 hospital 120.237166 41.313921
111 bank 104.900059 33.100179
112 police 110.781314 26.618053
113 station 104.056568 38.562607
114 hospital 119.045223 28.275305
115 airport 110.931746 24.311931
116 building 87.975019 28.521625
117 school 127.851768 37.895811
118 hospital 119.696711 41.89537
119 square 123.748261 45.678992
120 restaurant 117.774517 35.977956
121 building 100.388176 34.03242
122 library 124.485329 30.763937
123 factory 115.778044 30.161506
124 hospital 109.89162 25.457073
125 gym 119.319864 36.805236
126 lake 111.687133 22.475301
127 restaurant 125.491086 30.274284
128 government 110.601002 22.446247
129 police 111.513703 25.412717
130 market 121.35279 35.815862
131 restaurant 121.791761 36.072747
132 bridge 107.858659 28.865327
133 bridge 108.054897 34.873762
134 river 110.910847 20.259076
135 police 121.705001 27.244623
136 mountain 107.042526 33.31777
137 market 117.723985 35.138592
138 mall 103.309892 27.214005
139 station 122.611772 29.973888
140 bridge 120.539995 29.175786
141 bridge 123.687384 30.753262
142 market 102.688284 33.604194
143 river 116.281847 28.868981
144 bridge 109.217184 18.112222
145 airport 102.593484 32.681756
146 restaurant 105.70396 33.856881
147 factory 88.780532 33.735703
148 police 110.07871 19.264563
149 government 107.013698 39.31388
150 garden 118.595927 25.632023
151 bank 108.554944 29.327549
152 building 103.576466 26.352028
153 river 102.828847 29.913095
154 police 112.054158 24.103651
155 river 125.065436 26.825771
156 gym 122.186732 42.557319
157 park 102.955213 32.691136
158 museum 124.633368 42.382525
159 bridge 99.819115 39.049126
160 government 106.239275 40.03126
161 garden 118.725942 35.185423
162 river 121.201419 27.168982
163 police 88.33963 31.046421
164 restaurant 105.624859 38.042439
165 building 116.622088 25.032767
166 square 125.275535 33.888549
167 river 106.341558 37.281903
168 government 113.537458 31.440367
169 office 113.613368 32.956529
170 cafe 112.652472 38.885549
171 lake 104.16671 35.471384
172 restaurant 112.593868 28.465132
173 station 121.073643 40.98272
174 mountain 101.388685 25.89412
175 police 122.048307 29.022578
176 hotel 104.845313 38.777725
177 building 109.778678 35.2206
178 airport 117.979845 39.060738
179 building 89.085975 32.380631
180 lake 117.289351 23.811603
181 lake 121.663264 28.658157
182 mall 111.8331 19.256559
183 square 119.609778 45.74149
184 hotel 95.102238 27.718679
185 hospital 119.606125 37.017887
186 garden 118.147209 29.286472
187 restaurant 124.043022 30.027706
188 mall 116.497146 26.850634
189 building 118.953055 35.445508
190 river 105.104801 34.396779
191 park 105.156697 34.789753
192 police 120.522546 38.017
193 gym 108.738268 30.603701
194 library 95.777126 30.631648
195 station 92.377104 25.969626
196 airport 99.648211 40.324901
197 office 108.947849 35.117914
198 cafe 106.762816 26.779757
199 market 90.491502 25.856872
200 river 106.438825 25.619492
201 police 117.889739 20.471142
202 airport 99.805331 34.553655
203 garden 117.582513 30.268124
204 mall 109.169109 33.791456
205 government 107.533058 38.137153
206 cinema 114.310637 21.722024
207 library 106.052238 30.150851
208 lake 101.768403 37.201305
209 school 120.54007 31.89758
210 store 121.833731 29.344572
211 residence 111.105029 37.985492
212 garden 114.436979 31.20119
213 hotel 116.564577 29.107447
214 school 110.382114 25.017916
215 river 120.767683 43.289744
216 bridge 119.100352 35.289924
217 hospital 126.55366 30.725424
218 office 111.497188 35.961832
219 lake 107.988792 30.547937
220 cinema 106.754761 27.372299
221 garden 105.811133 32.733681
222 cinema 121.623099 41.873227
223 building 104.181729 32.909066
224 gym 106.181006 32.372227
225 cinema 112.713965 23.518117
226 residence 90.451505 25.713633
227 school 99.983601 37.584725
228 market 110.480229 23.718519
229 road 102.136075 31.659927
230 office 106.577626 32.884525
231 restaurant 111.841633 23.602048
232 cafe 117.991933 26.355284
233 police 119.989391 35.15287
234 hotel 113.670503 35.120947
235 park 108.573149 33.500751
236 garden 121.112532 40.734771
237 building 113.432712 26.185553
238 government 118.579356 26.619408
239 office 109.773267 31.218335
240 river 100.800707 27.627299
241 mountain 101.5561 32.468891
242 hospital 113.711715 40.035018
243 restaurant 85.96368 29.679005
244 gym 94.163473 26.632147
245 gym 120.070327 45.102537
246 river 112.299138 39.917321
247 road 114.064076 41.122358
248 building 120.317322 39.599252
249 museum 114.83067 21.333685
250 market 125.532152 29.610989
251 office 124.657258 30.096215
252 hotel 111.333924 27.39347
253 library 113.298927 43.445213
254 mall 121.921293 27.129924
255 river 120.29598 39.292311
256 residence 89.16693 31.264158
257 museum 116.950499 26.147912
258 restaurant 113.684271 31.475695
259 square 117.031054 23.508402
260 store 113.188356 23.681371
261 police 126.268178 41.578292
262 store 114.678027 39.111893
263 building 109.159929 24.927353
264 factory 122.984818 29.522953
265 airport 121.09937 36.276885
266 school 111.230843 25.044118
267 mall 111.064507 32.735368
268 market 108.135094 28.498709
269 cafe 123.193141 31.068743
270 bridge 118.752168 35.462595
271 bank 113.071522 41.159675
272 park 118.036097 28.796256
273 library 93.454571 28.606962
274 market 101.109365 32.161776
275 garden 111.468976 22.22108
276 residence 90.529873 27.451573
277 cafe 86.330296 28.82643
278 factory 110.494281 31.919771
279 school 118.287216 30.613057
280 airport 122.730405 29.752324
281 garden 115.587166 42.587728
282 mountain 102.960944 32.598446
283 airport 102.128265 26.590454
284 gym 112.940911 20.28279
285 hotel 117.480218 40.769027
286 building 119.600851 35.486066
287 hospital 114.661064 32.301768
288 residence 113.908009 34.679427
289 cinema 117.505852 32.542598
290 museum 118.019954 21.852171
291 police 114.623223 35.365694
292 bank 104.374254 32.542597
293 mall 118.874337 28.672387
294 museum 121.339047 43.602828
295 bank 109.585678 37.739794
296 road 106.400105 36.223279
297 market 123.374102 25.912898
298 museum 115.214197 29.796695
299 school 112.069408 27.808936
300 cinema 117.186944 39.546243
301 government 123.571034 45.81784
302 hotel 111.122313 31.228654
303 school 98.616617 33.6272
304 factory 115.716369 32.544387
305 hotel 107.19183 33.047811
306 lake 120.091364 27.332102
307 government 116.845475 23.473913
308 store 110.341388 38.067134
309 hotel 103.95369 36.118892
310 bank 105.134193 25.364924
311 museum 116.803789 43.592044
312 station 116.219733 31.875869
313 factory 112.03246 39.65494
314 mall 109.584209 29.951122
315 cinema 119.790348 31.741712
316 airport 112.769046 44.210411
317 bank 118.196214 32.317593
318 cafe 116.628015 34.604506
319 garden 119.976038 32.755107
320 cinema 103.511423 28.355206
321 river 112.278944 24.099064
322 river 113.976157 22.973391
323 restaurant 115.742355 41.853141
324 park 114.833092 24.641264
325 cinema 119.747241 32.737723
326 airport 105.113529 39.577285
327 station 115.654745 24.750589
328 cinema 118.698155 18.244671
329 bridge 113.609427 38.491659
330 store 117.632695 32.972322
331 cafe 117.506125 40.850834
332 government 114.692726 20.97418
333 government 107.893721 30.15458
334 factory 99.442171 33.233989
335 store 101.121772 26.626821
336 government 94.558858 32.282501
337 police 116.180549 31.887584
338 museum 88.40533 30.66977
339 market 114.128256 35.4569
340 gym 114.103205 25.490366
341 lake 117.994651 33.424938
342 factory 103.935238 30.183999
343 garden 123.520075 33.985914
344 mountain 110.756886 26.568968
345 bridge 101.68681 25.375513
346 airport 106.103954 29.790143
347 library 110.249061 20.677657
348 garden 128.206242 41.684937
349 lake 113.429939 20.975456
350 park 113.368796 29.361936
351 river 128.507976 43.631311
352 garden 115.425173 35.739034
353 hotel 121.67927 43.790849
354 square 100.947573 29.959493
355 lake 116.010853 32.091939
356 station 123.213084 26.359359
357 school 105.733098 27.950491
358 restaurant 127.095515 38.478233
359 mall 108.490982 18.717188
360 market 119.642492 29.932346
361 factory 110.281794 29.919793
362 square 121.318209 31.225045
363 residence 106.553963 35.706324
364 cafe 118.570156 43.610761
365 building 123.523488 37.903464
366 gym 86.679031 27.084096
367 bank 121.330312 34.036625
368 park 108.318588 28.9333
369 office 114.315015 21.59091
370 residence 86.42978 33.395116
371 bank 118.496249 38.593661
372 gym 108.169622 27.310633
373 park 117.086473 42.966935
374 cinema 120.986886 36.172228
375 market 117.667059 25.029199
376 gym 108.274828 30.559568
377 road 124.598888 30.685325
378 store 113.570138 21.515733
379 bank 95.270045 33.171337
380 school 118.738727 26.080283
381 government 102.183952 35.493182
382 restaurant 113.020804 26.069776
383 river 128.218195 38.873862
384 factory 122.073114 30.523506
385 residence 112.844051 44.102047
386 mall 110.22179 24.545026
387 square 108.296412 32.517137
388 road 108.356482 30.822505
389 bridge 101.297804 33.35925
390 bridge 116.465681 27.791751
391 square 111.455979 31.655673
392 store 123.462634 33.08582
393 residence 119.474591 34.29502
394 mall 109.370904 35.023438
395 police 107.23588 27.433181
396 cinema 119.939473 27.591871
397 square 118.655829 41.043001
398 office 106.86921 31.933417
399 mall 103.06237 25.706549
400 square 114.910258 18.78983
401 river 99.793966 36.442202
402 garden 108.864025 26.954264
403 factory 118.249851 42.142973
404 store 89.552737 33.831537
405 bridge 109.981429 32.21248
406 mall 129.00744 41.262411
407 residence 116.469209 30.542582
408 lake 87.455267 26.736672
409 river 121.077054 38.819001
410 park 105.565907 36.282319
411 airport 121.487326 28.681186
412 residence 114.672399 21.785183
413 park 91.333469 28.49192
414 residence 106.598957 33.662893
415 bridge 114.49803 35.500851
416 school 122.745208 34.603489
417 garden 113.204833 36.434516
418 river 116.361832 33.35041
419 hotel 119.677814 35.572608
420 residence 91.99813 28.956035
421 park 105.762499 31.718811
422 bridge 95.170677 28.284606
423 library 106.856931 32.689362
424 market 117.555459 35.885192
425 cinema 90.058418 27.65782
426 station 104.538148 32.850522
427 building 115.399086 35.53537
428 library 103.410807 32.661624
429 store 117.795093 32.862637
430 school 123.525452 29.884869
431 lake 109.64319 33.232474
432 airport 106.590928 38.742099
433 mountain 120.518093 33.089803
434 restaurant 106.43957 34.594015
435 museum 105.817062 33.885468
436 park 102.453209 31.702288
437 school 115.372077 20.997793
438 station 118.106303 26.847159
439 hotel 114.103583 43.460632
440 square 103.541733 37.13592
441 hospital 105.1424 33.374987
442 hospital 119.05832 40.634168
443 park 118.791098 29.87081
444 hospital 95.625322 26.328544
445 station 111.587967 38.191732
446 mall 124.477099 41.776777
447 airport 123.318013 35.020542
448 road 118.057068 26.961262
449 gym 107.56275 38.600709
450 river 111.059358 33.985974
451 museum 116.987577 34.629098
452 cinema 121.419381 38.175591
453 garden 101.071204 32.820083
454 residence 102.076685 30.915361
455 mountain 113.097916 35.003371
456 government 118.880989 44.047314
457 restaurant 105.428949 27.17005
458 police 116.114791 28.650567
459 bridge 125.410445 34.825781
460 bank 124.384061 29.376359
461 mall 112.9671 24.003653
462 airport 120.900095 35.144817
463 garden 126.963475 41.721119
464 square 116.98366 27.457106
465 hotel 117.753095 35.910877
466 restaurant 105.195726 26.80214
467 factory 109.781886 23.236008
468 hospital 120.10308 40.741681
469 airport 112.894468 37.859464
470 cinema 105.023417 34.657844
471 government 99.699771 29.350744
472 road 104.240995 36.033587
473 square 113.556114 23.461928
474 bridge 104.101508 27.515745
475 factory 99.731555 32.515633
476 hospital 101.11722 29.467043
477 market 125.256206 29.024802
478 river 105.683076 28.082483
479 hospital 99.183431 31.586582
480 school 115.265455 27.362881
481 station 114.213432 42.559501
482 garden 105.829836 26.111766
483 river 109.311055 32.108805
484 bank 110.287232 33.955293
485 store 113.998754 25.299909
486 school 114.461008 43.577638
487 police 116.737355 34.496371
488 road 124.848193 42.444223
489 library 111.221932 31.55389
490 police 92.163949 31.11767
491 library 88.638777 31.091283
492 restaurant 118.266323 22.345362
493 airport 125.476013 40.502407
494 building 115.381556 20.161496
495 hospital 121.81152 36.873339
496 road 122.298227 30.506759
497 square 119.368127 38.789298
498 residence 116.809726 22.95743
499 lake 114.925593 20.499575
500 gym 116.161232 19.492691
501 office 100.519258 33.179271
502 hotel 114.463448 41.167917
503 restaurant 113.778245 35.792972
504 square 112.908065 37.826147
505 government 103.124182 32.473058
506 gym 100.755207 29.272681
507 building 122.297359 40.361741
508 police 113.22508 32.715798
509 road 110.90639 28.887586
510 river 104.644242 26.435119
511 market 106.529129 28.801846
512 government 118.030534 38.06405
513 hospital 109.600227 23.608671
514 library 99.782203 39.187066
515 garden 104.280797 29.442347
516 store 103.831102 31.134726
517 road 104.118352 33.542876
518 gym 103.327976 33.842131
519 cafe 112.008013 24.597129
520 mountain 119.082414 30.263059
521 school 113.977386 34.293044
522 factory 91.775146 31.243004
523 bridge 111.992618 34.990259
524 river 106.405058 37.020238
525 factory 118.145377 28.912651
526 mountain 125.750054 29.269622
527 airport 125.872478 32.601288
528 mall 120.097356 36.337685
529 square 129.183048 43.880658
530 library 88.974204 31.389021
531 airport 117.494343 36.351401
532 residence 105.752193 37.882651
533 hotel 105.186101 27.01863
534 residence 118.942879 36.072156
535 lake 102.638538 33.77839
536 lake 94.229985 27.001931
537 road 118.317076 31.451384
538 government 119.474809 30.770218
539 garden 107.961098 31.169394
540 hospital 124.843696 27.7389
541 cafe 108.30129 25.591153
542 airport 119.947628 38.168711
543 library 120.015383 26.321046
544 government 111.373302 23.921891
545 mountain 118.266197 34.855772
546 museum 116.479756 31.793668
547 bank 121.712085 43.49297
548 gym 99.632314 39.441158
549 cafe 118.229532 28.181701
550 residence 115.602228 35.910875
551 library 110.481532 18.402893
552 market 109.986822 26.861648
553 mall 117.337576 28.763615
554 lake 118.56644 18.820761
555 garden 121.35911 36.051367
556 river 95.14522 27.963885
557 residence 86.037074 32.832157
558 road 100.444506 32.331973
559 river 98.931283 29.578328
560 river 113.923868 37.318933
561 restaurant 120.347956 28.477345
562 hospital 111.34287 24.063217
563 road 108.515546 33.572604
564 hotel 120.351519 34.496051
565 mall 103.560714 30.054639
566 garden 120.993183 43.075866
567 river 122.87635 36.173747
568 hotel 119.943093 34.849979
569 river 109.043543 24.803062
570 store 121.777401 27.238411
571 hospital 88.426717 25.518318
572 store 86.707436 26.736274
573 hospital 105.377021 31.57384
574 government 109.281851 31.584209
575 garden 119.386518 27.072729
576 market 116.530143 36.19119
577 library 111.233676 32.620747
578 square 118.987896 30.597886
579 bank 111.913927 28.474654
580 gym 105.586608 34.891776
581 government 108.523903 29.141178
582 market 117.293477 22.020869
583 lake 105.090577 36.257358
584 police 114.206127 23.668216
585 building 123.227957 37.825091
586 station 116.77715 27.967404
587 bridge 106.519468 28.513653
588 museum 106.330529 31.875713
589 market 119.52967 31.994278
590 police 126.207123 38.418321
591 river 104.086202 27.72937
592 road 115.228807 29.948195
593 government 101.078078 34.728462
594 store 112.545347 30.975427
595 river 111.512958 40.991555
596 park 114.364629 27.584611
597 bank 126.845749 41.829569
598 store 114.012458 34.265369
599 restaurant 103.841819 30.91903
600 school 98.58535 37.597327
601 factory 115.037296 32.034065
602 factory 119.370152 45.355366
603 residence 115.333512 38.220246
604 station 115.193617 40.053662
605 road 118.630013 43.657981
606 library 102.957443 40.16225
607 gym 119.070258 44.655619
608 gym 117.14664 37.854755
609 cafe 117.408571 30.88001
610 road 122.777053 34.078104
611 bank 102.156516 27.393382
612 cafe 112.414633 24.802591
613 mountain 114.283734 25.285764
614 cinema 94.612005 27.084852
615 government 121.320412 35.504972
616 bridge 103.972592 35.370631
617 hospital 103.863731 36.411953
618 hospital 114.518551 35.510353
619 police 103.04676 35.513971
620 airport 111.596394 39.720689
621 mountain 115.639355 22.463994
622 market 122.204259 28.731431
623 residence 118.210439 42.45529
624 mall 129.210976 39.162581
625 mall 104.52348 34.479349
626 airport 103.680911 36.02314
627 lake 122.079187 34.512874
628 building 121.657669 32.01353
629 building 121.466729 29.124775
630 river 122.128752 30.811584
631 library 121.371188 27.082178
632 airport 119.593332 37.945046
633 school 113.679805 32.170074
634 airport 118.979326 30.80373
635 cinema 91.410499 26.331805
636 mountain 112.346095 19.375751
637 station 118.751626 33.731077
638 airport 86.005335 30.310784
639 hospital 110.097306 24.066277
640 river 111.855515 23.28433
641 bridge 122.980486 27.076379
642 garden 102.769157 29.876697
643 factory 116.504956 31.871595
644 museum 120.855522 40.124834
645 garden 123.704838 34.564422
646 airport 113.966884 22.51555
647 store 118.580505 33.206552
648 bridge 111.749603 31.722841
649 bank 108.26794 32.358239
650 office 105.336195 34.968727
651 gym 126.461405 30.797986
652 cafe 101.506801 32.052506
653 bank 90.581724 30.617161
654 library 124.652309 30.631836
655 office 108.577657 29.402103
656 square 116.457645 27.465646
657 office 112.721337 36.086921
658 market 120.671106 40.780544
659 hotel 116.55192 27.845344
660 mountain 126.027013 33.307377
661 square 91.414051 30.349632
662 building 100.709315 39.006842
663 garden 117.23886 40.867313
664 garden 116.729175 28.661733
665 station 112.00265 32.818847
666 garden 109.585367 19.462509
667 road 123.867306 34.880355
668 park 109.311179 22.587203
669 building 120.121138 33.463672
670 office 91.042544 32.080196
671 cafe 111.932194 21.814559
672 gym 123.618763 29.05889
673 station 120.109128 31.432513
674 mall 115.994305 40.147455
675 airport 114.244989 20.629688
676 gym 125.450467 35.072672
677 cinema 124.690293 29.290776
678 cafe 109.207808 30.501378
679 road 121.587472 33.501264
680 gym 119.061372 29.602034
681 bridge 113.439824 42.077024
682 museum 89.888712 31.362677
683 mall 117.268483 28.762578
684 gym 122.843183 28.162697
685 factory 120.601116 42.176083
686 hotel 124.845593 31.737763
687 garden 98.294023 34.454324
688 bridge 118.474151 32.192419
689 police 110.498979 31.968618
690 lake 115.294651 38.436674
691 park 126.884995 42.878795
692 residence 93.253522 30.426302
693 restaurant 110.336944 23.468903
694 school 120.391563 41.258787
695 airport 114.156193 39.601787
696 police 115.888185 20.17341
697 station 110.813728 31.708404
698 hospital 107.913696 33.206226
699 mall 124.952824 34.28573
700 library 112.902775 21.820546
701 office 102.192848 29.439164
702 lake 111.287589 29.865761
703 bank 91.583349 28.16109
704 park 116.555867 42.904739
705 residence 123.039314 27.322668
706 building 106.89944 26.501829
707 residence 112.697357 18.69989
708 mall 118.874297 40.043794
709 museum 98.363242 36.158449
710 library 118.305563 30.129637
711 school 107.724723 33.653532
712 museum 123.029484 33.481759
713 park 113.760312 31.549843
714 government 117.471218 42.557246
715 library 109.22446 20.725483
716 hospital 120.168369 29.058429
717 gym 117.344847 26.726752
718 station 108.820684 26.64741
719 road 117.322684 38.637427
720 building 116.684582 38.276508
721 school 115.069012 34.88045
722 hotel 126.303577 33.619139
723 police 118.072104 26.775186
724 factory 123.776248 45.815368
725 residence 106.526555 39.819339
726 hotel 121.299469 41.995279
727 airport 118.996356 32.730217
728 mountain 104.509912 35.119892
729 road 116.677607 41.561118
730 station 117.39536 28.890712
731 hospital 110.741831 43.677298
732 hospital 118.689972 39.265113
733 library 119.359726 31.368233
734 park 104.350497 32.432788
735 river 111.236356 29.806091
736 hospital 92.96549 30.71578
737 gym 113.645887 19.722154
738 factory 124.010904 28.265804
739 school 123.135438 27.519726
740 bridge 117.155862 30.706624
741 park 115.016936 35.641595
742 bank 121.688258 43.504071
743 library 110.77716 21.381105
744 mountain 117.502692 29.526867
745 police 121.513 43.624919
746 garden 110.859126 23.994712
747 factory 116.571387 36.177626
748 square 101.585852 33.950444
749 school 112.705281 24.988456
750 office 117.767933 22.765114
751 cafe 111.801294 22.037394
752 store 112.114234 39.794574
753 road 98.305978 39.841657
754 market 89.2193 27.51706
755 bridge 118.10499 20.59515
756 airport 127.068125 40.89914
757 garden 122.825786 40.94011
758 library 121.837501 30.807971
759 office 112.329928 37.7472
760 park 109.317847 24.566595
761 mountain 103.040012 33.075665
762 river 128.753748 37.425972
763 store 115.209931 18.356466
764 hotel 87.57657 31.99861
765 gym 124.055241 32.261379
766 library 118.246047 28.918949
767 road 115.27826 31.153897
768 museum 86.457594 26.991313
769 mountain 122.241099 32.459919
770 lake 111.362664 24.168322
771 police 125.262931 33.412491
772 garden 117.59428 38.121405
773 office 101.540503 25.253896
774 garden 119.309031 35.268307
775 bank 107.311974 25.940819
776 police 124.674463 39.586324
777 station 106.359858 29.709357
778 museum 104.249594 27.704968
779 road 120.051238 43.613821
780 hotel 117.77456 45.385298
781 cinema 92.614852 27.566263
782 airport 117.36505 32.569179
783 mountain 94.982827 30.86742
784 park 118.328897 28.602543
785 museum 120.188407 38.209559
786 factory 101.76783 33.741051
787 school 108.06211 32.46322
788 square 103.750283 37.562823
789 station 99.112838 37.759646
790 museum 91.234356 30.639453
791 mountain 90.516784 33.504926
792 store 117.632728 34.290278
793 park 109.103784 37.370874
794 mall 98.67823 32.982179
795 hospital 122.792482 29.14983
796 police 95.371822 29.88133
797 police 122.587345 41.557571
798 factory 106.672719 36.50051
799 lake 104.562137 30.286921
800 garden 104.525896 27.248977
801 mountain 121.04912 42.641706
802 station 104.200363 31.509484
803 cafe 108.23186 36.895387
804 market 114.200935 31.87541
805 bank 112.556215 19.680974
806 park 120.262619 42.706776
807 airport 122.831121 31.557369
808 school 88.205894 26.411133
809 bank 114.802059 22.708778
810 market 102.165488 29.116953
811 library 104.09614 33.886584
812 square 104.394838 29.859554
813 building 116.541601 29.31245
814 lake 120.964464 29.942876
815 station 125.312107 33.7196
816 bridge 99.877691 35.898006
817 garden 109.054927 33.631499
818 garden 116.669804 32.391552
819 market 111.386427 30.592043
820 square 96.069787 25.874982
821 airport 124.842963 32.545139
822 lake 105.302159 32.565427
823 mountain 90.788642 29.350688
824 square 117.324278 30.522915
825 garden 120.888103 28.034309
826 building 112.897312 36.585376
827 restaurant 118.470703 37.137022
828 park 119.659624 33.8967
829 factory 106.211734 36.778587
830 school 115.614245 41.375864
831 store 101.769758 25.779791
832 store 109.640805 29.286443
833 store 104.437375 35.974539
834 road 119.197405 40.668396
835 lake 114.236112 36.395152
836 gym 128.544291 38.728689
837 library 113.366071 29.071341
838 square 118.175355 45.325126
839 building 124.474457 28.213097
840 square 122.264797 32.391192
841 road 123.320066 31.490873
842 government 88.132706 27.909428
843 market 111.24588 25.510903
844 market 109.673648 28.350931
845 airport 113.384446 43.381536
846 office 108.844507 37.105423
847 gym 110.467956 33.83945
848 restaurant 116.454125 38.552752
849 airport 93.110972 33.018028
850 hotel 108.949045 28.13027
851 school 121.545554 39.304949
852 river 113.055575 22.768036
853 station 107.942253 27.363491
854 bank 122.764092 30.781936
855 river 117.069945 39.555006
856 gym 119.720678 31.470341
857 river 117.302774 20.357085
858 police 109.316121 35.525847
859 residence 105.904625 29.807977
860 road 110.125205 21.729895
861 lake 111.871168 42.306486
862 store 103.273707 29.175918
863 hotel 116.915521 31.274013
864 mountain 123.159123 29.32544
865 garden 124.122629 39.133572
866 residence 111.342346 23.808083
867 mountain 90.033347 29.528581
868 restaurant 109.93308 27.000342
869 store 107.499736 33.663892
870 school 123.644174 32.106528
871 school 127.549908 38.167022
872 park 90.796738 30.161389
873 bank 119.723704 39.708599
874 lake 105.538849 39.280093
875 station 110.195295 18.218311
876 mall 103.458979 39.27796
877 hospital 123.838204 27.364171
878 museum 121.018647 29.539436
879 store 113.08896 21.553828
880 station 107.503233 34.622983
881 cafe 118.575226 39.858139
882 bridge 116.620649 23.641764
883 cafe 111.506015 24.282204
884 gym 124.883227 25.979377
885 building 114.648233 21.937473
886 bridge 117.695174 27.168795
887 bank 110.740482 31.991958
888 square 119.047156 32.625248
889 cafe 107.032927 25.665647
890 cafe 100.285285 28.260339
891 market 102.104147 30.603398
892 police 116.532234 21.266566
893 market 113.156538 24.62302
894 mall 122.184377 35.663935
895 building 109.801787 25.963871
896 government 105.336627 33.548933
897 museum 111.918585 21.7566
898 cafe 88.738647 31.080363
899 cafe 120.225209 45.666404
900 bridge 123.607297 34.997039
901 factory 114.902376 25.831628
902 park 119.378588 38.046157
903 government 109.065668 18.886046
904 museum 115.642961 36.424038
905 government 117.983644 29.137804
906 cafe 106.302539 36.239714
907 museum 100.495909 40.149806
908 cinema 106.197342 30.975228
909 station 95.401215 28.551937
910 library 112.827712 37.434433
911 cafe 114.20749 19.254928
912 airport 99.5033 32.541501
913 factory 120.114289 41.70418
914 road 111.183302 26.375235
915 restaurant 112.455928 32.790367
916 gym 120.385369 43.283603
917 square 106.063165 28.126682
918 mall 106.389833 31.357445
919 government 108.925913 29.271117
920 building 113.761645 37.207457
921 gym 119.312359 35.610961
922 office 108.592314 25.812945
923 office 104.031492 36.321222
924 square 118.98177 36.439404
925 residence 120.164935 40.157995
926 government 105.544162 31.67481
927 gym 111.81381 33.160808
928 building 115.66371 27.742204
929 square 120.347539 39.759
930 cafe 116.663214 26.386532
931 garden 122.152193 38.762518
932 river 90.962136 33.110017
933 river 123.87204 30.450663
934 bank 118.130753 24.780208
935 school 112.456333 37.952759
936 police 107.507965 31.234476
937 station 120.168594 37.393401
938 police 108.15251 37.39747
939 garden 109.506626 28.079176
940 store 95.636668 33.736385
941 hospital 111.293453 37.519709
942 airport 108.360753 26.969545
943 mountain 119.818724 37.454665
944 hotel 123.019677 28.677422
945 mall 114.384083 31.612056
946 police 110.505996 29.409582
947 lake 99.117062 34.752887
948 market 102.257284 32.550197
949 garden 110.570615 20.39405
950 road 115.052023 28.59077
951 mountain 108.399968 30.20812
952 hospital 100.565065 35.421801
953 office 127.275423 42.413058
954 gym 101.439942 25.594134
955 market 110.960616 43.671138
956 store 111.188973 37.344568
957 factory 118.056175 30.835549
958 mall 102.225381 28.258166
959 bank 90.75143 29.193672
960 government 111.263015 25.492498
961 river 110.912802 25.215483
962 residence 102.231164 28.2192
963 market 114.962579 33.055908
964 hospital 107.651886 35.406984
965 airport 107.548901 27.348401
966 building 113.327725 31.85022
967 bridge 126.889587 43.501437
968 residence 103.589477 30.081306
969 mall 117.732132 28.084537
970 library 118.768379 38.004191
971 mall 107.942486 24.312871
972 river 125.548851 28.549329
973 library 86.512021 32.669434
974 airport 112.487743 40.904421
975 restaurant 122.067105 33.621612
976 garden 106.913282 28.912854
977 gym 114.962826 24.786283
978 road 111.34449 21.910608
979 museum 112.881244 25.778244
980 residence 119.518852 25.860323
981 airport 105.853851 34.893898
982 hotel 106.288608 35.843471
983 cafe 126.530636 31.903103
984 police 123.987005 41.548708
985 cinema 102.95746 37.018543
986 lake 104.849221 32.888855
987 school 112.875887 30.206856
988 road 93.355303 31.953277
989 bridge 125.99669 31.765248
990 cinema 113.265423 25.597764
991 bridge 95.47104 33.37901
992 office 106.404981 35.312445
993 cinema 109.792093 31.21597
994 airport 115.046221 35.476824
995 restaurant 116.440079 24.980688
996 bridge 111.08628 42.403346
997 police 102.511626 27.537904
998 station 117.969447 20.913064
999 cinema 123.752217 40.358478
1000 square 110.632471 29.774997
